[15][2][20][2][15]
[14][3][20][3][14]
[13][4][20][4][13]
[13][5][18][5][13]
[12][6][18][6][12]
[12][3][1][3][16][3][1][3][12]
[11][3][2][4][14][4][2][3][11]
[11][3][3][3][7][1][6][3][3][3][11]
[11][2][5][3][5][2][5][3][5][2][11]
[11][2][6][3][4][2][4][3][6][2][11]
[11][1][8][4][2][2][2][4][8][1][11]
[10][2][9][12][9][2][10]
[10][2][11][8][11][2][10]
[10][2][14][3][13][2][10]
[10][2][13][4][13][2][10]
[9][2][14][4][14][2][9]
[9][2][14][4][14][2][9]
[8][2][15][4][15][2][8]
[7][3][15][4][15][3][7]
[6][3][17][3][16][3][6]
[5][4][17][2][17][4][5]
[6][3][12][1][4][2][4][1][12][3][6]
[7][3][10][2][4][2][4][2][10][3][7]
[9][12][12][12][9]
[11][7][1][1][14][1][1][7][11]
[7][1][9][2][16][2][9][1][7]
[7][10][9][2][9][10][7]
[7][9][10][2][10][9][7]
[7][1][18][2][18][1][7]
[7][1][17][4][17][1][7]
[7][1][17][4][17][1][7]
[7][1][16][6][16][1][7]
[7][2][15][1][1][2][1][1][15][2][7]
[7][2][14][2][1][2][1][2][14][2][7]
[7][2][13][2][2][2][2][2][13][2][7]
[8][1][13][2][2][2][2][2][13][1][8]
[8][1][12][2][3][2][3][2][12][1][8]
[7][2][11][2][4][2][4][2][11][2][7]
[7][2][11][2][4][2][4][2][11][2][7]
[7][2][10][2][12][2][10][2][7]
[7][2][9][2][14][2][9][2][7]
[7][2][7][3][6][1][2][1][6][3][7][2][7]
[6][2][7][3][7][1][2][1][7][3][7][2][6]
[6][2][6][3][8][1][2][1][8][3][6][2][6]
[5][3][4][4][9][1][2][1][9][4][4][3][5]
[5][3][3][4][8][2][4][2][8][4][3][3][5]
[5][2][2][4][10][2][4][2][10][4][2][2][5]
[4][8][11][1][6][1][11][8][4]
[4][7][32][7][4]
[3][6][36][6][3]
[2][6][38][6][2]
[2][4][42][4][2]
[1][3][46][3][1]
[2][50][2]
